¡ÆC	T1 - K	T2 - K	T3 - K	T4 - K
1	42.3	37.5	34.7	29.9
2	42.3	37.5	34.7	29.9
3	42.3	37.5	34.7	29.9
4	42.1	37.5	34.7	29.9
5	42.1	37.4	34.7	29.9
6	42.1	37.4	34.7	29.9
7	42.1	37.4	34.7	29.9
8	42.1	37.4	34.7	29.9
9	41.8	37.4	34.7	29.9
10	41.8	37.3	34.7	29.9
11	41.8	37.3	34.7	29.9
12	41.8	37.3	34.7	29.9
13	41.8	37.3	34.7	29.9
14	41.6	37.3	34.7	29.9
15	41.6	37.3	34.7	29.9
16	41.6	37.3	34.8	29.9
17	41.6	37.3	34.8	29.9
18	41.6	37.3	34.8	29.9
19	41.5	37.3	34.8	29.9
20	41.5	37.3	34.8	29.9
21	41.5	37.3	34.8	29.9
22	41.5	37.3	34.8	29.9
23	41.5	37.3	34.8	29.9
24	41.6	37.3	34.8	29.9
25	41.6	37.4	34.8	29.9
26	41.6	37.4	34.9	29.9
27	41.6	37.4	34.9	29.8
28	42.4	37.4	34.9	29.8
29	42.4	37.4	34.9	29.8
30	42.4	37.3	34.9	29.8
31	42.4	37.3	34.9	29.8
32	42.4	37.3	34.9	29.8
33	43	37.3	34.9	29.8
34	43	37.3	34.9	29.8
35	43	37.3	34.9	29.8
36	43	37.3	35	29.8
37	43	37.3	35	29.8
38	43.2	37.3	35	29.8
39	43.2	37.5	35	29.8
40	43.2	37.5	35	29.8
41	43.2	37.5	35	29.8
42	43.2	37.5	35	30
43	43.8	37.5	35	30
44	43.8	37.7	35	30
45	43.8	37.7	35	30
46	43.8	37.7	35	30
47	43.8	37.7	35	30
48	44.5	37.7	35	30
49	44.5	37.7	35	30
50	44.5	37.7	35	30
51	44.5	37.7	35	29.8
52	45.2	37.7	35	29.8
53	45.2	37.8	35	29.8
54	45.2	37.8	35	29.8
55	45.2	37.8	35	29.8
56	45.2	37.8	35	29.8
57	45.3	37.8	35	29.8
58	45.3	38	35	29.8
59	45.3	38	35	29.8
60	45.3	38	35	29.8
61	45.3	38	35	29.8
62	46.5	38	35	29.8
63	46.5	38.2	35	29.8
64	46.5	38.2	35	29.8
65	46.5	38.2	35	29.8
66	46.5	38.2	35	30
67	46.6	38.2	35	30
68	46.6	38.5	35	30
69	46.6	38.5	35	30
70	46.6	38.5	35	30
71	46.6	38.5	35	30
72	46.8	38.5	35	30
73	46.8	38.6	35	30
74	46.8	38.6	35	30
75	46.8	38.6	35	30
76	47.7	38.6	35	30
77	47.7	38.7	35	30
78	47.7	38.7	35	30
79	47.7	38.7	35	30
80	47.7	38.7	35	29.8
81	48.3	38.7	35	29.8
82	48.3	38.8	35	29.8
83	48.3	38.8	35	29.8
84	48.3	38.8	35	29.8
85	48.3	38.8	35	29.8
86	48.5	38.8	35	29.8
87	48.5	38.9	35	29.8
88	48.5	38.9	35.2	29.8
89	48.5	38.9	35.2	29.8
90	48.5	38.9	35.2	29.8
91	48.7	38.9	35.2	29.8
92	48.7	39.1	35.2	29.8
93	48.7	39.1	35.2	29.8
94	48.7	39.1	35.2	29.8
95	48.7	39.1	35.2	29.8
96	49.1	39.1	35.2	29.8
97	49.1	39.2	35.2	29.8
98	49.1	39.2	35.5	29.8
99	49.1	39.2	35.5	29.8
100	50	39.2	35.5	29.8
101	50	39.2	35.5	29.8
102	50	39.3	35.5	29.8
103	50	39.3	35.5	29.8
104	50	39.3	35.5	29.8
105	50.1	39.3	35.5	29.8
106	50.1	39.6	35.5	29.8
107	50.1	39.6	35.5	29.8
108	50.1	39.6	35.5	29.8
109	50.1	39.6	35.5	29.8
110	50.2	39.6	35.5	29.8
111	50.2	39.7	35.5	29.8
112	50.2	39.7	35.6	29.8
113	50.2	39.7	35.6	29.8
114	50.2	39.7	35.6	29.8
115	51	39.7	35.6	29.8
116	51	39.8	35.6	29.8
117	51	39.8	35.7	29.8
118	51	39.8	35.7	29.8
119	51	39.8	35.7	29.8
120	51.1	39.8	35.7	29.8
121	51.1	40	35.7	29.8
122	51.1	40	35.8	29.8
123	51.1	40	35.8	29.8
124	51.8	40	35.8	29.8
125	51.8	40	35.8	29.8
126	51.8	40.1	35.8	29.8
127	51.8	40.1	35.8	29.8
128	51.8	40.1	35.8	29.8
129	51.9	40.1	35.8	29.8
130	51.9	40.2	35.8	29.8
131	51.9	40.2	35.8	29.8
132	51.9	40.2	35.8	29.8
133	51.9	40.2	35.8	29.8
134	51.9	40.2	35.8	29.8
135	51.9	40.4	35.8	29.8
136	51.9	40.4	35.8	29.8
137	51.9	40.4	35.8	29.8
138	51.9	40.4	35.8	29.8
139	52.1	40.4	35.8	29.8
140	52.1	40.5	35.8	29.8
141	52.1	40.5	36	29.8
142	52.1	40.5	36	29.8
143	52.1	40.5	36	29.8
144	52.9	40.5	36	29.8
145	52.9	40.7	36	29.8
146	52.9	40.7	36	29.8
147	52.9	40.7	36	29.8
148	52.9	40.7	36	29.8
149	52.8	40.7	36	29.8
150	52.8	40.8	36	29.8
151	52.8	40.8	36	29.8
152	52.8	40.8	36	29.8
153	52.8	40.8	36	29.8
154	53	40.8	36	29.8
155	53	41	36	29.8
156	53	41	36	29.8
157	53	41	36	29.8
158	53.2	41	36	29.8
159	53.2	41	36	29.8
160	53.2	41.1	36	29.8
161	53.2	41.1	36.1	29.8
162	53.2	41.1	36.1	29.8
163	53.5	41.1	36.1	29.8
164	53.5	41.1	36.1	29.8
165	53.5	41.1	36.1	29.8
166	53.5	41.1	36.1	29.8
167	53.5	41.1	36.1	30
168	53.6	41.1	36.1	30
169	53.6	41.3	36.1	30
170	53.6	41.3	36.3	30
171	53.6	41.3	36.3	30
172	53.6	41.3	36.3	30
173	53.7	41.3	36.3	30
174	53.7	41.4	36.3	30
175	53.7	41.4	36.3	30
176	53.7	41.4	36.3	30
177	53.7	41.4	36.3	30.2
178	54	41.4	36.3	30.2
179	54	41.6	36.3	30.2
180	54	41.6	36.4	30.2
181	54	41.6	36.4	30.2
182	54	41.6	36.4	30.2
183	54.2	41.6	36.4	30.2
184	54.2	41.6	36.4	30.2
185	54.2	41.6	36.4	30.2
186	54.2	41.6	36.4	30.2
187	54.5	41.6	36.4	30.2
188	54.5	41.6	36.4	30.2
189	54.5	41.6	36.4	30.2
190	54.5	41.6	36.5	30.2
191	54.5	41.6	36.5	30.2
192	54.6	41.6	36.5	30.2
193	54.6	41.6	36.5	30.2
194	54.6	41.8	36.5	30.2
195	54.6	41.8	36.6	30.2
196	54.6	41.8	36.6	30
197	55.2	41.8	36.6	30
198	55.2	42	36.6	30
199	55.2	42	36.6	30
200	55.2	42	36.7	30
201	55.2	42	36.7	30
202	55.2	42	36.7	30
203	55.2	42.1	36.7	30
204	55.2	42.1	36.7	30
205	55.2	42.1	36.8	30
206	55.2	42.1	36.8	30
207	55.3	42.1	36.8	30
208	55.3	42.2	36.8	30
209	55.3	42.2	36.9	30
210	55.3	42.2	36.9	30
211	55.3	42.2	36.9	30
212	55.4	42.2	36.9	30
213	55.4	42.2	36.9	30
214	55.4	42.2	37	30
215	55.4	42.2	37	30
216	55.4	42.2	37	30
217	56.1	42.2	37	30
218	56.1	42.4	37	30
219	56.1	42.4	37.1	30
220	56.1	42.4	37.1	30
221	56.1	42.4	37.1	30
222	56.1	42.4	37.1	30
223	56.1	42.5	37.1	30
224	56.1	42.5	37.1	30
225	56.1	42.5	37.1	30.1
226	56.1	42.5	37.1	30.1
227	56.1	42.5	37.1	30.1
228	56.1	42.7	37.1	30.1
229	56.1	42.7	37.2	30.1
230	56.1	42.7	37.2	30.1
231	56.2	42.7	37.2	30.1
232	56.2	42.9	37.2	30.1
233	56.2	42.9	37.2	30.1
234	56.2	42.9	37.2	30.1
235	56.2	42.9	37.2	30
236	56.4	42.9	37.2	30
237	56.4	43	37.2	30
238	56.4	43	37.4	30
239	56.4	43	37.4	30
240	56.4	43	37.4	30
241	56.5	43	37.4	30
242	56.5	43.2	37.4	30
243	56.5	43.2	37.4	30
244	56.5	43.2	37.4	30
245	56.5	43.2	37.4	30
246	56.7	43.2	37.4	30
247	56.7	43.3	37.4	30
248	56.7	43.3	37.5	30
249	56.7	43.3	37.5	30
250	56.8	43.3	37.5	30
251	56.8	43.3	37.5	30
252	56.8	43.3	37.5	30
253	56.8	43.3	37.6	30
254	56.8	43.3	37.6	30
255	57	43.3	37.6	30
256	57	43.3	37.6	30
257	57	43.3	37.6	30
258	57	43.3	37.7	30
259	57	43.3	37.7	30
260	57.1	43.3	37.7	30
261	57.1	43.3	37.7	30
262	57.1	43.3	37.8	30
263	57.1	43.3	37.8	30
264	57.1	43.3	37.8	30.1
265	57.2	43.3	37.8	30.1
266	57.2	43.6	37.8	30.1
267	57.2	43.6	37.9	30.1
268	57.2	43.6	37.9	30
269	57.2	43.6	37.9	30
270	57.5	43.6	37.9	30
271	57.5	43.7	37.9	30
272	57.5	43.7	38	30
273	57.5	43.7	38	30
274	57.5	43.7	38	30
275	57.5	43.7	38	30
276	57.5	43.8	38	30
277	57.5	43.8	38	30
278	57.5	43.8	38	30.5
279	57.7	43.8	38	30.5
280	57.7	44	38	30.5
281	57.7	44	38	30.5
282	57.7	44	38	30.5
283	57.7	44	38	30.6
284	57.9	44	38	30.6
285	57.9	44.1	38	30.6
286	57.9	44.1	38.1	30.6
287	57.9	44.1	38.1	30.6
288	57.9	44.1	38.1	30.5
289	58.1	44.1	38.1	30.5
290	58.1	44.1	38.1	30.5
291	58.1	44.3	38.1	30.5
292	58.1	44.3	38.1	30.5
293	58.2	44.3	38.1	30.5
294	58.2	44.3	38.1	30.5
295	58.2	44.3	38.1	30.5
296	58.2	44.3	38.3	30.5
297	58.2	44.3	38.3	30.2
298	58.3	44.3	38.3	30.2
299	58.3	44.4	38.3	30.2
300	58.3	44.4	38.3	30.2
301	58.3	44.4	38.3	30.2
302	58.3	44.4	38.3	30.2
303	58.5	44.4	38.3	30.2
304	58.5	44.4	38.3	30.2
305	58.5	44.4	38.3	30.2
306	58.5	44.4	38.3	30.2
307	58.5	44.4	38.3	30.5
308	58.6	44.4	38.3	30.5
309	58.6	44.5	38.3	30.5
310	58.6	44.5	38.3	30.5
311	58.6	44.5	38.3	30.5
312	58.6	44.5	38.3	30.5
313	58.9	44.5	38.3	30.5
314	58.9	44.6	38.3	30.5
315	58.9	44.6	38.5	30.5
316	58.9	44.6	38.5	30
317	58.9	44.6	38.5	30
318	59.2	44.6	38.5	30
319	59.2	44.7	38.5	30
320	59.2	44.7	38.6	30
321	59.2	44.7	38.6	30.4
322	59.2	44.7	38.6	30.4
323	59.2	44.7	38.6	30.4
324	59.2	44.8	38.6	30.4
325	59.2	44.8	38.8	30.4
326	59.2	44.8	38.8	30.2
327	59.3	44.8	38.8	30.2
328	59.3	45	38.8	30.2
329	59.3	45	38.8	30.2
330	59.3	45	38.8	30.2
331	59.3	45	38.8	30.2
332	59.4	45	38.8	30.2
333	59.4	45	38.8	30.2
334	59.4	45	38.9	30.2
335	59.4	45	38.9	30.2
336	59.4	45	38.9	30.5
337	59.5	45	38.9	30.5
338	59.5	45.2	38.9	30.5
339	59.5	45.2	39	30.5
340	59.5	45.2	39	30.4
341	59.5	45.2	39	30.4
342	59.6	45.2	39	30.4
343	59.6	45.3	39	30.4
344	59.6	45.3	39.1	30.4
345	59.6	45.3	39.1	30.5
346	59.7	45.3	39.1	30.5
347	59.7	45.3	39.1	30.5
348	59.7	45.4	39.1	30.5
349	59.7	45.4	39.1	30.5
350	59.7	45.4	39.1	30.6
351	59.8	45.4	39.1	30.6
352	59.8	45.5	39.1	30.6
353	59.8	45.5	39.1	30.6
354	59.8	45.5	39.3	30.6
355	59.8	45.5	39.3	29.9
356	60	45.5	39.3	29.9
357	60	45.7	39.3	29.9
358	60	45.7	39.4	29.9
359	60	45.7	39.4	29.9
360	60	45.7	39.4	30
361	60.1	45.7	39.4	30
362	60.1	45.8	39.4	30
363	60.1	45.8	39.4	30
364	60.1	45.8	39.4	30.5
365	60.1	45.8	39.4	30.5
366	60.2	45.8	39.4	30.5
367	60.2	46	39.4	30.5
368	60.2	46	39.5	30.5
369	60.2	46	39.5	30.5
370	60.4	46	39.5	30.5
371	60.4	46	39.5	30.5
372	60.4	46	39.5	30.5
373	60.4	46	39.6	30.5
374	60.4	46	39.6	30.6
375	60.5	46	39.6	30.6
376	60.5	46	39.6	30.6
377	60.5	46	39.6	30.6
378	60.5	46	39.7	30.6
379	60.5	46	39.7	30.5
380	60.7	46	39.7	30.5
381	60.7	46.1	39.7	30.5
382	60.7	46.1	39.7	30.5
383	60.7	46.1	39.7	30.5
384	60.7	46.1	39.7	30.5
385	60.7	46.1	39.7	30.5
386	60.7	46.2	39.7	30.5
387	60.7	46.2	39.9	30.5
388	60.7	46.2	39.9	30.5
389	60.7	46.2	39.9	30.5
390	60.8	46.2	39.9	30.5
391	60.8	46.3	39.9	30.5
392	60.8	46.3	40	30.5
393	60.8	46.3	40	30
394	60.8	46.3	40	30
395	60.8	46.3	40	30
396	60.8	46.3	40	30
397	60.8	46.3	40	30
398	60.8	46.3	40	30.5
399	61.1	46.3	40	30.5
400	61.1	46.5	40	30.5
401	61.1	46.5	40	30.5
402	61.1	46.5	40	30.5
403	61.1	46.5	40	30.2
404	61.2	46.5	40	30.2
405	61.2	46.6	40	30.2
406	61.2	46.6	40	30.2
407	61.2	46.6	40.1	30.2
408	61.2	46.6	40.1	30.3
409	61.3	46.6	40.1	30.3
410	61.3	46.6	40.1	30.3
411	61.3	46.6	40.2	30.3
412	61.3	46.6	40.2	30.3
413	61.3	46.6	40.2	30
414	61.3	46.6	40.2	30
415	61.3	46.6	40.2	30
416	61.3	46.6	40.2	30
417	61.3	46.6	40.2	29.8
418	61.3	46.6	40.2	29.8
419	61.3	46.6	40.2	29.8
420	61.3	46.8	40.2	29.8
421	61.3	46.8	40.2	29.8
422	61.3	46.8	40.2	29.6
423	61.4	46.8	40.2	29.6
424	61.4	46.8	40.2	29.6
425	61.4	47	40.2	29.6
426	61.4	47	40.2	29.6
427	61.4	47	40.2	29.4
428	61.7	47	40.2	29.4
429	61.7	47	40.2	29.4
430	61.7	47.1	40.2	29.4
431	61.7	47.1	40.3	29.4
432	61.7	47.1	40.3	28.7
433	61.8	47.1	40.3	28.7
434	61.8	47.1	40.3	28.7
435	61.8	47.1	40.3	28.7
436	61.8	47.1	40.5	28.7
437	61.8	47.1	40.5	28.8
438	62	47.1	40.5	28.8
439	62	47.1	40.5	28.8
440	62	47.1	40.5	28.8
441	62	47.1	40.5	28.8
442	62	47.1	40.5	29.1
443	62	47.1	40.5	29.1
444	62	47.2	40.5	29.1
445	62	47.2	40.6	29.1
446	62	47.2	40.6	29.1
447	62	47.2	40.6	29.3
448	62.1	47.2	40.6	29.3
449	62.1	47.2	40.6	29.3
450	62.1	47.2	40.7	29.3
451	62.1	47.2	40.7	29.1
452	62.1	47.2	40.7	29.1
453	62.1	47.2	40.7	29.1
454	62.1	47.3	40.7	29.1
455	62.1	47.3	40.8	29.1
456	62.1	47.3	40.8	28.8
457	62.1	47.3	40.8	28.8
458	62.2	47.3	40.8	28.8
459	62.2	47.4	40.8	28.8
460	62.2	47.4	40.8	28.8
461	62.2	47.4	40.8	28.8
462	62.2	47.4	40.8	28.8
463	62.2	47.4	40.8	28.8
464	62.2	47.5	40.8	28.8
465	62.2	47.5	41	28.8
466	62.2	47.5	41	28.8
467	62.3	47.5	41	28.8
468	62.3	47.7	41	28.8
469	62.3	47.7	41	28.8
470	62.3	47.7	41.1	28.8
471	62.3	47.7	41.1	28.9
472	62.5	47.7	41.1	28.9
473	62.5	47.7	41.1	28.9
474	62.5	47.7	41.1	28.9
475	62.5	47.7	41.1	28.9
476	62.5	47.7	41.1	28.9
477	62.6	47.7	41.1	28.9
478	62.6	47.9	41.1	28.9
479	62.6	47.9	41.2	28.9
480	62.6	47.9	41.2	28.9
481	62.6	47.9	41.2	29.1
482	62.7	47.9	41.2	29.1
483	62.7	48	41.2	29.1
484	62.7	48	41.3	29.1
485	62.7	48	41.3	28.8
486	62.7	48	41.3	28.8
487	62.8	48	41.3	28.8
488	62.8	48	41.3	28.8
489	62.8	48	41.3	28.8
490	62.8	48	41.3	29.1
491	62.8	48	41.3	29.1
492	62.9	48	41.3	29.1
493	62.9	48.1	41.3	29.1
494	62.9	48.1	41.3	29.1
495	62.9	48.1	41.3	29.1
496	62.9	48.1	41.3	29.1
497	62.9	48.1	41.3	29.1
498	62.9	48.2	41.3	29.1
499	62.9	48.2	41.3	29.1
500	62.9	48.2	41.3	29.2
501	63.1	48.2	41.3	29.2
502	63.1	48.3	41.3	29.2
503	63.1	48.3	41.3	29.2
504	63.1	48.3	41.4	29.2
505	63.1	48.3	41.4	29.2
506	63.2	48.3	41.4	29.2
507	63.2	48.3	41.4	29.2
508	63.2	48.3	41.4	29.2
509	63.2	48.3	41.4	29.2
510	63.2	48.3	41.4	29.2
511	63.3	48.3	41.4	29.2
512	63.3	48.5	41.4	29.2
513	63.3	48.5	41.5	29.2
514	63.3	48.5	41.5	29.2
515	63.3	48.5	41.5	29.2
516	63.5	48.5	41.5	29.2
517	63.5	48.6	41.5	29.2
518	63.5	48.6	41.6	29.2
519	63.5	48.6	41.6	29.2
520	63.5	48.6	41.6	29.2
521	63.5	48.6	41.6	29.2
522	63.5	48.8	41.6	29.2
523	63.5	48.8	41.7	29.2
524	63.5	48.8	41.7	29.3
525	63.5	48.8	41.7	29.3
526	63.6	48.8	41.7	29.3
527	63.6	48.8	41.7	29.3
528	63.6	48.8	41.8	29.3
529	63.6	48.8	41.8	29.3
530	63.6	48.8	41.8	29.3
531	63.7	48.8	41.8	29.3
532	63.7	48.9	41.8	29.3
533	63.7	48.9	41.8	29.3
534	63.7	48.9	41.8	29.3
535	63.9	48.9	41.8	29.3
536	63.9	48.9	41.8	29.3
537	63.9	49	41.8	29.3
538	63.9	49	41.9	29.3
539	63.9	49	41.9	29.1
540	63.9	49	41.9	29.1
541	63.9	49.1	41.9	29.1
542	63.9	49.1	41.9	29.1
543	63.9	49.1	42.1	29.1
544	63.9	49.1	42.1	29.1
545	64	49.1	42.1	29.1
546	64	49.1	42.1	29.1
547	64	49.1	42.2	29.1
548	64	49.1	42.2	29.1
549	64	49.1	42.2	29.1
550	64.2	49.1	42.2	29.1
551	64.2	49.1	42.2	29.1
552	64.2	49.1	42.2	29.1
553	64.2	49.1	42.2	29.1
554	64.2	49.1	42.2	29.2
555	64.3	49.1	42.2	29.2
556	64.3	49.3	42.2	29.2
557	64.3	49.3	42.4	29.2
558	64.3	49.3	42.4	29.1
559	64.3	49.3	42.4	29.1
560	64.3	49.3	42.4	29.1
561	64.3	49.4	42.4	29.1
562	64.3	49.4	42.5	29.1
563	64.3	49.4	42.5	29.1
564	64.4	49.4	42.5	29.1
565	64.4	49.4	42.5	29.1
566	64.4	49.4	42.5	29.1
567	64.4	49.4	42.5	29.1
568	64.4	49.4	42.5	28.9
569	64.4	49.4	42.5	28.9
570	64.4	49.4	42.5	28.9
571	64.4	49.6	42.5	28.9
572	64.4	49.6	42.5	28.9
573	64.4	49.6	42.5	28.9
574	64.6	49.6	42.5	28.9
575	64.6	49.6	42.5	28.9
576	64.6	49.6	42.5	28.9
577	64.6	49.6	42.5	28.9
578	64.6	49.6	42.5	28.9
579	64.7	49.6	42.5	28.9
580	64.7	49.6	42.5	28.9
581	64.7	49.6	42.5	28.9
582	64.7	49.6	42.5	28.9
583	64.7	49.6	42.5	29.1
584	64.8	49.6	42.5	29.1
585	64.8	49.7	42.5	29.1
586	64.8	49.7	42.6	29.1
587	64.8	49.7	42.6	29.1
588	64.8	49.7	42.6	29.3
589	64.8	49.7	42.6	29.3
590	64.8	49.8	42.6	29.3
591	64.8	49.8	42.7	29.3
592	64.8	49.8	42.7	29.3
593	64.8	49.8	42.7	29.1
594	64.8	49.8	42.7	29.1
595	64.8	50	42.7	29.1
596	64.8	50	42.7	29.1
597	64.8	50	42.7	29.1
598	64.8	50	42.7	29.1
599	64.8	50	42.7	29.1
600	64.8	50	42.7	29.1
601	64.8	50	42.8	29.1
602	64.8	50	42.8	29.1
603	64.8	50	42.8	29.1
604	65	50	42.8	29.1
605	65	50.2	42.8	29.1
606	65	50.2	42.9	29.1
607	65	50.2	42.9	29.3
608	65.1	50.2	42.9	29.3
609	65.1	50.2	42.9	29.3
610	65.1	50.2	42.9	29.3
611	65.1	50.2	43	29.3
612	65.1	50.2	43	29.3
613	65.3	50.2	43	29.3
614	65.3	50.4	43	29.3
615	65.3	50.4	43	29.3
616	65.3	50.4	43	29.3
617	65.3	50.4	43	29.1
618	65.2	50.4	43	29.1
619	65.2	50.4	43	29.1
620	65.2	50.4	43	29.1
621	65.2	50.4	43.2	29.1
622	65.2	50.4	43.2	29
623	65.3	50.4	43.2	29
624	65.3	50.5	43.2	29
625	65.3	50.5	43.2	29
626	65.3	50.5	43.2	29
627	65.3	50.5	43.2	28.8
628	65.4	50.5	43.2	28.8
629	65.4	50.5	43.2	28.8
630	65.4	50.5	43.3	28.8
631	65.4	50.5	43.3	28.8
632	65.4	50.5	43.3	29
633	65.6	50.5	43.3	29
634	65.6	50.7	43.3	29
635	65.6	50.7	43.3	29
636	65.6	50.7	43.3	29
637	65.6	50.7	43.3	29
638	65.6	50.7	43.3	29
639	65.6	50.7	43.3	29
640	65.6	50.7	43.3	29
641	65.6	50.7	43.3	29
642	65.6	50.7	43.3	29
643	65.6	50.7	43.3	29
644	65.6	50.7	43.3	29
645	65.6	50.7	43.3	29
646	65.6	50.7	43.3	28.8
647	65.6	50.7	43.3	28.8
648	65.6	50.8	43.3	28.8
649	65.6	50.8	43.5	28.8
650	65.6	50.8	43.5	28.8
651	65.6	50.8	43.5	29
652	65.7	50.8	43.5	29
653	65.7	51	43.5	29
654	65.7	51	43.6	29
655	65.7	51	43.6	29.1
656	65.7	51	43.6	29.1
657	65.8	51	43.6	29.1
658	65.8	51.1	43.6	29.1
659	65.8	51.1	43.8	29.1
660	65.8	51.1	43.8	29.8
661	66	51.1	43.8	29.8
662	66	51.1	43.8	29.8
663	66	51.1	43.8	29.8
664	66	51.1	43.9	29.8
665	66	51.1	43.9	30
666	66	51.1	43.9	30
667	66	51.3	43.9	30
668	66	51.3	43.9	30
669	66	51.3	44.1	30
670	66	51.3	44.1	30
671	66.1	51.3	44.1	30
672	66.1	51.4	44.1	30
673	66.1	51.4	44.1	30
674	66.1	51.4	44.1	30
675	66.1	51.4	44.1	30
676	66.2	51.4	44.1	30
677	66.2	51.5	44.1	30
678	66.2	51.5	44.1	30
679	66.2	51.5	44.1	29.9
680	66.2	51.5	44.1	29.9
681	66.3	51.5	44.1	29.9
682	66.3	51.4	44.1	29.9
683	66.3	51.4	44.1	29.9
684	66.3	51.4	44.1	29.9
685	66.4	51.4	44.1	29.9
686	66.4	51.4	44.1	29.9
687	66.4	51.4	44.1	29.9
688	66.4	51.4	44.1	29.9
689	66.4	51.4	44.1	29.8
690	66.6	51.4	44.1	29.8
691	66.6	51.4	44.1	29.8
692	66.6	51.6	44.1	29.8
693	66.6	51.6	44.1	29.8
694	66.6	51.6	44.1	29.8
695	66.8	51.6	44.1	29.8
696	66.8	51.6	44.1	29.8
697	66.8	51.6	44.1	29.8
698	66.8	51.6	44.1	29.8
699	66.8	51.6	44.1	29.8
700	67	51.6	44.1	29.8
701	67	51.8	44.1	29.8
702	67	51.8	44.1	29.8
703	67	51.8	44.1	29.8
704	67	51.8	44.1	29.9
705	67	51.8	44.1	29.9
706	67	51.9	44.1	29.9
707	67	51.9	44.2	29.9
708	67	51.9	44.2	29.9
709	67	51.9	44.2	29.9
710	67.1	51.9	44.2	29.9
711	67.1	52.1	44.2	29.9
712	67.1	52.1	44.3	29.9
713	67.1	52.1	44.3	30
714	67.1	52.1	44.3	30
715	67.1	52.1	44.3	30
716	67.1	52.2	44.3	30
717	67.1	52.2	44.3	30
718	67.1	52.2	44.3	29.9
719	67.2	52.2	44.3	29.9
720	67.2	52.2	44.3	29.9
721	67.2	52.2	44.3	29.9
722	67.2	52.2	44.4	29.9
723	67.2	52.2	44.4	30
724	67.5	52.2	44.4	30
725	67.5	52.2	44.4	30
726	67.5	52.2	44.4	30
727	67.5	52.2	44.4	30
728	67.5	52.2	44.4	30
729	67.5	52.2	44.4	30
730	67.5	52.2	44.4	30
731	67.5	52.2	44.4	30
732	67.5	52.2	44.5	30
733	67.5	52.2	44.5	30
734	67.5	52.2	44.5	30
735	67.5	52.2	44.5	30
736	67.5	52.2	44.6	30
737	67.5	52.2	44.6	30
738	67.5	52.2	44.6	30
739	67.6	52.2	44.6	30
740	67.6	52.3	44.6	30
741	67.6	52.3	44.6	30
742	67.6	52.3	44.6	30
743	67.6	52.3	44.6	30
744	67.8	52.3	44.6	30
745	67.8	52.5	44.6	30
746	67.8	52.5	44.6	30
747	67.8	52.5	44.6	30.5
748	67.8	52.5	44.6	30.5
749	67.8	52.5	44.6	30.5
750	67.8	52.5	44.6	30.5
751	67.8	52.5	44.6	30.5
752	67.8	52.5	44.6	30.2
753	68	52.5	44.6	30.2
754	68	52.5	44.6	30.2
755	68	52.7	44.6	30.2
756	68	52.7	44.7	30.2
757	68	52.7	44.7	30.2
758	68.1	52.7	44.7	30.2
759	68.1	52.7	44.7	30.2
760	68.1	52.7	44.7	30.2
761	68.1	52.7	44.8	30.2
762	68.1	52.7	44.8	30.2
763	68.2	52.7	44.8	30.2
764	68.2	52.8	44.8	30.2
765	68.2	52.8	44.8	30.2
766	68.2	52.8	44.9	30.2
767	68.2	52.8	44.9	30.2
768	68.2	52.8	44.9	30.2
769	68.2	52.9	44.9	30.2
770	68.2	52.9	45	30.2
771	68.2	52.9	45	30.2
772	68.2	52.9	45	30.2
773	68.3	52.9	45	30.2
774	68.3	53	45	30.2
775	68.3	53	45	30.2
776	68.3	53	45	30
777	68.3	53	45	30
778	68.5	53	45	30
779	68.5	53	45	30
780	68.5	53	45.1	30
781	68.5	53	45.1	29.9
782	68.5	53	45.1	29.9
783	68.6	53	45.1	29.9
784	68.6	53	45.1	29.9
785	68.6	53	45.1	29.9
786	68.6	53	45.1	29.9
787	68.6	53	45.1	29.9
788	68.6	53	45.1	29.9
789	68.6	53.2	45.1	29.9
790	68.6	53.2	45.2	29.9
791	68.6	53.2	45.2	29.7
792	68.7	53.2	45.2	29.7
793	68.7	53.2	45.2	29.7
794	68.7	53.2	45.2	29.7
795	68.7	53.2	45.2	29.7
796	68.7	53.2	45.2	29.7
797	68.7	53.2	45.2	29.7
798	68.7	53.3	45.2	29.7
799	68.7	53.3	45.2	29.7
800	68.7	53.3	45.3	29.7
801	68.7	53.3	45.3	29.5
802	68.8	53.3	45.3	29.5
803	68.8	53.3	45.3	29.5
804	68.8	53.3	45.3	29.5
805	68.8	53.3	45.5	29.5
806	68.8	53.3	45.5	29.5
807	68.8	53.3	45.5	29.5
808	68.8	53.6	45.5	29.5
809	68.8	53.6	45.5	29.5
810	68.8	53.6	45.5	29.5
811	68.8	53.6	45.5	29.3
812	68.9	53.6	45.5	29.3
813	68.9	53.6	45.5	29.3
814	68.9	53.6	45.6	29.3
815	68.9	53.6	45.6	29.3
816	68.9	53.6	45.6	29.3
817	69	53.6	45.6	29.3
818	69	53.7	45.6	29.3
819	69	53.7	45.6	29.3
820	69	53.7	45.6	29.3
821	69	53.7	45.6	29.3
822	69.2	53.7	45.6	29.3
823	69.2	53.7	45.6	29.3
824	69.2	53.7	45.5	29.3
825	69.2	53.7	45.5	29.3
826	69.2	53.7	45.5	29.3
827	69.3	53.7	45.5	29.3
828	69.3	53.7	45.5	29.3
829	69.3	53.7	45.6	29.3
830	69.3	53.7	45.6	29.1
831	69.5	53.7	45.6	29.1
832	69.5	53.7	45.6	29.1
833	69.5	53.9	45.6	29.1
834	69.5	53.9	45.8	29.1
835	69.5	53.9	45.8	29
836	69.5	53.9	45.8	29
837	69.5	53.9	45.8	29
838	69.5	53.9	45.8	29
839	69.5	53.9	46	29
840	69.5	53.9	46	28.8
841	69.6	53.9	46	28.8
842	69.6	53.9	46	28.8
843	69.6	53.9	46	28.8
844	69.6	53.9	46	28.8
845	69.6	53.9	46	28.8
846	69.6	53.9	46	28.8
847	69.6	53.9	46	28.8
848	69.6	53.9	46	28.8
849	69.6	53.9	46	28.8
850	69.6	53.9	46	28.8
851	69.6	53.9	46	28.8
852	69.6	54	46	28.8
853	69.6	54	46	28.8
854	69.6	54	46	28.8
855	69.6	54	46	29.1
856	69.7	54	46	29.1
857	69.7	54.1	46	29.1
858	69.7	54.1	46.1	29.1
859	69.7	54.1	46.1	29.1
860	69.7	54.1	46.1	28.3
861	69.7	54.1	46.1	28.3
862	69.7	54.2	46.1	28.3
863	69.7	54.2	46.1	28.3
864	69.7	54.2	46.1	29.4
865	69.7	54.2	46.1	29.4
866	69.8	54.2	46.1	29.4
867	69.8	54.3	46.1	29.4
868	69.8	54.3	46.1	29.4
869	69.8	54.3	46.1	29.2
870	69.8	54.3	46.1	29.2
871	69.8	54.3	46.1	29.2
872	69.8	54.4	46.1	29.2
873	69.8	54.4	46.2	29.2
874	69.8	54.4	46.2	29.1
875	69.8	54.4	46.2	29.1
876	70	54.4	46.2	29.1
877	70	54.5	46.2	29.1
878	70	54.5	46.3	29.1
879	70	54.5	46.3	28.8
880	70	54.5	46.3	28.8
881	70	54.5	46.3	28.8
882	70	54.6	46.3	28.8
883	70	54.6	46.3	28.8
884	70	54.6	46.3	28.9
885	70.1	54.6	46.3	28.9
886	70.1	54.6	46.3	28.9
887	70.1	54.6	46.3	28.9
888	70.1	54.6	46.4	28.9
889	70.1	54.6	46.4	28.9
890	70.1	54.6	46.4	28.9
891	70.1	54.7	46.4	28.9
892	70.1	54.7	46.4	28.9
893	70.1	54.7	46.5	28.9
894	70.1	54.7	46.5	28.8
895	70.3	54.7	46.5	28.8
896	70.3	54.8	46.5	28.8
897	70.3	54.8	46.6	28.8
898	70.3	54.8	46.6	28.8
899	70.3	54.8	46.6	28.8
900	70.3	54.8	46.6	28.8
901	70.3	55	46.6	28.8
902	70.3	55	46.6	28.8
903	70.3	55	46.6	29.1
904	70.3	55	46.6	29.1
905	70.5	55	46.6	29.1
906	70.5	55	46.6	29.1
907	70.5	55	46.7	29.1
908	70.5	55	46.7	29.2
909	70.5	55	46.7	29.2
910	70.6	55	46.7	29.2
911	70.6	55.1	46.7	29.2
912	70.6	55.1	46.8	29.2
913	70.6	55.1	46.8	29.4
914	70.6	55.1	46.8	29.4
915	70.6	55.1	46.8	29.4
916	70.6	55.1	46.8	29.4
917	70.6	55.1	46.8	29.4
918	70.6	55.1	46.8	29.4
919	70.7	55.1	46.8	29.4
920	70.7	55.1	46.8	29.4
921	70.7	55.1	46.8	29.4
922	70.7	55.1	46.8	29.4
923	70.7	55.1	46.8	29.4
924	70.7	55.1	46.8	29.4
925	70.7	55.1	46.8	29.4
926	70.7	55.1	46.8	29.4
927	70.7	55.1	46.8	29.4
928	70.7	55.1	46.8	29.2
929	70.8	55.1	46.8	29.2
930	70.8	55.3	46.8	29.2
931	70.8	55.3	46.9	29.2
932	70.8	55.3	46.9	29.2
933	70.8	55.3	46.9	29.1
934	70.8	55.3	46.9	29.1
935	70.8	55.3	46.9	29.1
936	70.8	55.3	46.9	29.1
937	70.8	55.3	46.9	28.8
938	70.8	55.3	46.9	28.8
939	71	55.3	46.9	28.8
940	71	55.4	46.9	28.8
941	71	55.4	47	28.8
942	71	55.4	47	28.8
943	71	55.4	47	28.8
944	71.1	55.4	47	28.8
945	71.1	55.4	47	28.8
946	71.1	55.4	47	28.8
947	71.1	55.4	47	28.8
948	71.1	55.4	47	28.8
949	71.1	55.4	47	28.8
950	71.1	55.6	47	28.8
951	71.1	55.6	47	28.8
952	71.1	55.6	47	28.9
953	71.1	55.6	47	28.9
954	71.1	55.6	47	28.9
955	71.1	55.7	47	28.9
956	71.1	55.7	47.1	28.9
957	71.1	55.7	47.1	28.8
958	71.1	55.7	47.1	28.8
959	71.1	55.7	47.1	28.8
960	71.1	55.7	47.1	28.8
961	71.1	55.7	47.1	28.8
962	71.1	55.7	47.1	29.1
963	71.2	55.7	47.1	29.1
964	71.2	55.7	47.1	29.1
965	71.2	55.7	47.2	29.1
966	71.2	55.7	47.2	29.1
967	71.2	55.7	47.2	29.2
968	71.4	55.7	47.2	29.2
969	71.4	55.7	47.2	29.2
970	71.4	55.7	47.2	29.2
971	71.4	55.7	47.2	29.2
972	71.4	55.7	47.2	29.2
973	71.4	55.7	47.2	29.2
974	71.4	55.8	47.2	29.2
975	71.4	55.8	47.2	29.2
976	71.4	55.8	47.2	29.1
977	71.4	55.8	47.2	29.1
978	71.4	55.8	47.2	29.1
979	71.4	55.8	47.2	29.1
980	71.4	55.8	47.2	29.1
981	71.4	55.8	47.2	28.8
982	71.6	55.8	47.2	28.8
983	71.6	55.8	47.2	28.8
984	71.6	56	47.2	28.8
985	71.6	56	47.2	28.8
986	71.6	56	47.2	29.1
987	71.7	56	47.2	29.1
988	71.7	56	47.2	29.1
989	71.7	56	47.2	29.1
990	71.7	56	47.4	29.1
991	71.7	56	47.4	29.2
992	71.8	56	47.4	29.2
993	71.8	56.1	47.4	29.2
994	71.8	56.1	47.5	29.2
995	71.8	56.1	47.5	29.2
996	71.8	56.1	47.5	29.4
997	71.7	56.1	47.5	29.4
998	71.7	56.1	47.5	29.4
999	71.7	56.1	47.5	29.4
1000	71.7	56.1	47.5	29.4
1001	71.7	56.1	47.5	29.4
1002	71.8	56.1	47.5	29.4
1003	71.8	56.2	47.5	29.4
1004	71.8	56.2	47.5	29.4
1005	71.8	56.2	47.5	29.4
1006	71.8	56.2	47.5	29.4
1007	71.8	56.2	47.5	29.4
1008	71.8	56.2	47.5	29.4
1009	71.8	56.2	47.5	29.4
1010	71.8	56.2	47.5	29.4
1011	72	56.2	47.5	29.4
1012	72	56.2	47.5	29.4
1013	72	56.2	47.5	29.4
1014	72	56.2	47.5	29.4
1015	72	56.2	47.5	29.4
1016	72	56.2	47.5	29.4
1017	72	56.4	47.5	29.4
1018	72	56.4	47.5	29.4
1019	72	56.4	47.7	29.4
1020	72	56.4	47.7	29.4
1021	72.1	56.4	47.7	29.4
1022	72.1	56.4	47.7	29.4
1023	72.1	56.4	47.8	29.4
1024	72.1	56.4	47.8	29.4
1025	72.1	56.4	47.8	29.4
1026	72.2	56.4	47.8	29.4
1027	72.2	56.5	47.8	29.4
1028	72.2	56.5	48	29.4
1029	72.2	56.5	48	29.4
1030	72.2	56.5	48	29.4
1031	72.2	56.5	48	29.4
1032	72.2	56.5	48	29.4
1033	72.2	56.5	48	29.4
1034	72.2	56.5	48	29.4
1035	72.2	56.5	48	29.4
1036	72.3	56.5	48	29.4
1037	72.3	56.6	48	29.4
1038	72.3	56.6	48	29.4
1039	72.3	56.6	48	29.2
1040	72.3	56.6	48	29.2
1041	72.3	56.6	48	29.2
1042	72.3	56.7	48	29.2
1043	72.3	56.7	48	29.2
1044	72.3	56.7	48	29.2
1045	72.5	56.7	48	29.2
1046	72.5	56.7	48	29.2
1047	72.5	56.8	48	29.2
1048	72.5	56.8	48	29.2
1049	72.5	56.8	48	29.2
1050	72.6	56.8	48	29.2
1051	72.6	56.8	48	29.2
1052	72.6	56.8	48	29.2
1053	72.6	56.8	48	29.2
1054	72.6	56.8	48	29.2
1055	72.7	56.8	48	29.2
1056	72.7	56.9	48	29.2
1057	72.7	56.9	48	29.2
1058	72.7	56.9	48.1	29.2
1059	72.7	56.9	48.1	29.2
1060	72.7	56.9	48.1	29.2
1061	72.7	57	48.1	29.2
1062	72.7	57	48.1	29.2
1063	72.7	57	48.2	29.2
1064	72.7	57	48.2	29.1
1065	72.8	57	48.2	29.1
1066	72.8	57.1	48.2	29.1
1067	72.8	57.1	48.2	29.1
1068	72.8	57.1	48.2	29.1
1069	72.8	57.1	48.2	29.1
1070	72.9	57.1	48.2	29.1
1071	72.9	57.1	48.2	29.1
1072	72.9	57.1	48.3	29.1
1073	72.9	57.1	48.3	29.1
1074	72.9	57.1	48.3	29.1
1075	73	57.1	48.3	29.1
1076	73	57.1	48.3	29.1
1077	73	57.1	48.3	29.1
1078	73	57.1	48.3	29.3
1079	73	57.1	48.3	29.3
1080	73	57.1	48.3	29.3
1081	73	57.1	48.3	29.3
1082	73	57.1	48.3	29.3
1083	73	57.1	48.3	29.3
1084	73.1	57.1	48.3	29.3
1085	73.1	57.1	48.3	29.3
1086	73.1	57.2	48.3	29.3
1087	73.1	57.2	48.5	29.3
1088	73.1	57.2	48.5	29.1
1089	73	57.2	48.5	29.1
1090	73	57.2	48.5	29.1
1091	73	57.2	48.5	29.1
1092	73	57.2	48.5	29.1
1093	73	57.2	48.5	28.9
1094	73.2	57.2	48.5	28.9
1095	73.2	57.3	48.5	28.9
1096	73.2	57.3	48.5	28.9
1097	73.2	57.3	48.6	28.9
1098	73.2	57.3	48.6	29.1
1099	73.2	57.3	48.6	29.1
1100	73.2	57.3	48.6	29.1
1101	73.2	57.3	48.6	29.1
1102	73.2	57.3	48.6	29.1
1103	73.2	57.3	48.6	29.3
1104	73.3	57.3	48.6	29.3
1105	73.3	57.5	48.6	29.3
1106	73.3	57.5	48.6	29.3
1107	73.3	57.5	48.6	29.3
1108	73.3	57.5	48.6	29.4
1109	73.3	57.5	48.6	29.4
1110	73.3	57.5	48.6	29.4
1111	73.3	57.5	48.8	29.4
1112	73.3	57.5	48.8	29.4
1113	73.3	57.5	48.8	29.3
1114	73.3	57.5	48.8	29.3
1115	73.3	57.5	48.8	29.3
1116	73.3	57.5	49	29.3
1117	73.3	57.5	49	29.1
1118	73.3	57.5	49	29.1
1119	73.3	57.5	49	29.1
1120	73.3	57.5	49	29.1
1121	73.3	57.5	49	29.1
1122	73.3	57.5	49	29.1
1123	73.5	57.5	49	29.1
1124	73.5	57.5	49	29.1
1125	73.5	57.6	49	29.1
1126	73.5	57.6	49	29.1
1127	73.5	57.6	49	29.3
1128	73.5	57.6	49	29.3
1129	73.5	57.6	49	29.3
1130	73.5	57.6	49	29.3
1131	73.5	57.6	49	29.3
1132	73.5	57.6	49	29.3
1133	73.5	57.6	49	29.3
1134	73.5	57.6	49	29.3
1135	73.5	57.6	49	29.3
1136	73.5	57.6	49	29.3
1137	73.5	57.6	49	29.3
1138	73.6	57.6	49	29.3
1139	73.6	57.7	49	29.3
1140	73.6	57.7	49.1	29.3
1141	73.6	57.7	49.1	29.3
1142	73.6	57.7	49.1	29.3
1143	73.6	57.7	49.1	29.3
1144	73.6	57.8	49.1	29.3
1145	73.6	57.8	49	29.3
1146	73.6	57.8	49	29.3
1147	73.6	57.8	49	29.3
1148	73.7	57.8	49	29.3
1149	73.7	57.9	49	29.3
1150	73.7	57.9	49.1	29.3
1151	73.7	57.9	49.1	29.1
1152	73.7	57.9	49.1	29.1
1153	73.8	57.9	49.1	29.1
1154	73.8	58.1	49.1	29.1
1155	73.8	58.1	49.1	29.1
1156	73.8	58.1	49.1	29.1
1157	73.9	58.1	49.1	29.1
1158	73.9	58.1	49.1	29.1
1159	73.9	58.1	49.1	29.1
1160	73.9	58.1	49.1	29.1
1161	73.9	58.1	49.1	29.1
1162	73.9	58.1	49.1	29.1
1163	73.9	58.1	49.1	29.1
1164	73.9	58.1	49.1	29.1
1165	73.9	58.1	49.1	29.1
1166	73.9	58.1	49.1	29.1
1167	73.9	58.1	49.1	29.1
1168	73.9	58.2	49.1	29.1
1169	73.9	58.2	49.1	29.1
1170	73.9	58.2	49.1	29.1
1171	73.9	58.2	49.1	28.5
1172	74	58.2	49.1	28.5
1173	74	58.3	49.1	28.5
1174	74	58.3	49.1	28.5
1175	74	58.3	49.1	28.5
1176	74	58.3	49.1	28.6
1177	74	58.3	49.1	28.6
1178	74	58.3	49.1	28.6
1179	74	58.3	49.2	28.6
1180	74	58.3	49.2	28.6
1181	74	58.3	49.2	28.6
1182	74	58.3	49.2	28.6
1183	74	58.3	49.2	28.6
1184	74	58.3	49.3	28.6
1185	74	58.3	49.3	28.6
1186	74	58.3	49.3	28.6
1187	74.2	58.3	49.3	28.6
1188	74.2	58.3	49.3	28.6
1189	74.2	58.3	49.3	28.6
1190	74.2	58.3	49.3	28.5
1191	74.2	58.3	49.3	28.5
1192	74.2	58.3	49.3	28.5
1193	74.2	58.3	49.3	28.5
1194	74.2	58.3	49.4	28.5
1195	74.2	58.3	49.4	29.4
1196	74.3	58.3	49.4	29.4
1197	74.3	58.3	49.4	29.4
1198	74.3	58.5	49.4	29.4
1199	74.3	58.5	49.4	29.4
1200	74.3	58.5	49.4	29.4
1201	74.4	58.5	49.4	29.4
1202	74.4	58.5	49.4	29.4
1203	74.4	58.5	49.4	29.4
1204	74.4	58.5	49.5	29.4
1205	74.4	58.5	49.5	29.4
1206	74.4	58.5	49.5	29.4
1207	74.4	58.6	49.5	29.4
1208	74.4	58.6	49.5	29.4
1209	74.4	58.6	49.6	29.4
1210	74.4	58.6	49.6	29.3
1211	74.5	58.6	49.6	29.3
1212	74.5	58.6	49.6	29.3
1213	74.5	58.6	49.6	29.3
1214	74.5	58.6	49.6	29.3
1215	74.5	58.6	49.6	28.5
1216	74.5	58.6	49.6	28.5
1217	74.5	58.7	49.6	28.5
1218	74.5	58.7	49.7	28.5
1219	74.5	58.7	49.7	28.5
1220	74.5	58.7	49.7	29.4
1221	74.6	58.7	49.7	29.4
1222	74.6	58.7	49.7	29.4
1223	74.6	58.7	49.8	29.4
1224	74.6	58.7	49.8	29.4
1225	74.6	58.7	49.8	29.4
1226	74.6	58.7	49.8	29.4
1227	74.6	58.8	49.8	29.4
1228	74.6	58.8	49.9	29.4
1229	74.6	58.8	49.9	29.3
1230	74.6	58.8	49.9	29.3
1231	74.7	58.8	49.9	29.3
1232	74.7	58.8	49.9	29.3
1233	74.7	58.8	49.8	29.3
1234	74.7	58.8	49.8	29.3
1235	74.7	58.8	49.8	29.3
1236	74.7	58.8	49.8	29.3
1237	74.7	58.9	49.8	29.3
1238	74.7	58.9	49.7	29.3
1239	74.7	58.9	49.7	29.1
1240	74.8	58.9	49.7	29.1
1241	74.8	58.9	49.7	29.1
1242	74.8	59	49.7	29.1
1243	74.8	59	49.8	29.1
1244	74.8	59	49.8	29.3
1245	74.8	59	49.8	29.3
1246	74.8	59	49.8	29.3
1247	74.8	59	49.8	29.3
1248	74.8	59	49.9	29.3
1249	74.8	59	49.9	29.3
1250	74.8	59	49.9	29.3
1251	74.8	59	49.9	29.3
1252	74.8	59	49.9	29.3
1253	74.8	59	50	29.3
1254	74.8	59	50	29.3
1255	75	59	50	29.3
1256	75	59	50	29.3
1257	75	59	50	29.3
1258	75	59	50	29.3
1259	75	59	50	29.3
1260	75	59	50	29.3
1261	75	59	50	29.3
1262	75	59	50	29.3
1263	75	59	50	29.3
1264	75	59	50	29.1
1265	75.1	59	50	29.1
1266	75.1	59	50	29.1
1267	75.1	59	50.1	29.1
1268	75.1	59	50.1	29.3
1269	75.1	59	50.1	29.3
1270	75.2	59	50.1	29.3
1271	75.2	59.2	50.1	29.3
1272	75.2	59.2	50.2	29.3
1273	75.2	59.2	50.2	29.1
1274	75.2	59.2	50.2	29.1
1275	75.3	59.2	50.2	29.1
1276	75.3	59.2	50.2	29.1
1277	75.3	59.2	50.2	29.1
1278	75.3	59.2	50.2	29.2
1279	75.3	59.2	50.2	29.2
1280	75.3	59.2	50.2	29.2
1281	75.3	59.2	50.2	29.2
1282	75.3	59.2	50.2	29.2
1283	75.3	59.2	50.2	29.1
1284	75.3	59.2	50.2	29.1
1285	75.3	59.2	50.2	29.1
1286	75.3	59.3	50.2	29.1
1287	75.3	59.3	50.2	29.1
1288	75.3	59.3	50.2	29.1
1289	75.3	59.3	50.2	29.1
1290	75.3	59.3	50.2	29.1
1291	75.3	59.5	50.2	29.1
1292	75.3	59.5	50.3	29.1
1293	75.3	59.5	50.3	30
1294	75.3	59.5	50.3	30
1295	75.3	59.5	50.3	30
1296	75.3	59.6	50.3	30
1297	75.3	59.6	50.3	30
1298	75.3	59.6	50.3	29.1
1299	75.5	59.6	50.3	29.1
1300	75.5	59.6	50.3	29.1
1301	75.5	59.6	50.3	29.1
1302	75.5	59.6	50.4	29.1
1303	75.5	59.6	50.4	29.2
1304	75.6	59.6	50.4	29.2
1305	75.6	59.6	50.4	29.2
1306	75.6	59.6	50.3	29.2
1307	75.6	59.6	50.3	29.2
1308	75.6	59.6	50.3	29.2
1309	75.6	59.6	50.3	29.2
1310	75.6	59.7	50.3	29.2
1311	75.6	59.7	50.3	29.2
1312	75.6	59.7	50.3	29.2
1313	75.6	59.7	50.3	29.2
1314	75.6	59.7	50.3	29.2
1315	75.6	59.7	50.3	29.2
1316	75.6	59.7	50.4	29.2
1317	75.6	59.7	50.4	29.2
1318	75.6	59.7	50.4	29.1
1319	75.6	59.7	50.4	29.1
1320	75.6	59.8	50.4	29.1
1321	75.6	59.8	50.5	29.1
1322	75.6	59.8	50.5	29
1323	75.6	59.8	50.5	29
1324	75.7	59.8	50.5	29
1325	75.7	60	50.5	29
1326	75.7	60	50.5	29
1327	75.7	60	50.5	29.2
1328	75.7	60	50.5	29.2
1329	75.7	60	50.5	29.2
1330	75.7	60	50.5	29.2
1331	75.7	60	50.5	29.2
1332	75.7	60	50.5	29.1
1333	75.7	60	50.5	29.1
1334	75.8	60	50.5	29.1
1335	75.8	60	50.5	29.1
1336	75.8	60	50.5	29.1
1337	75.8	60	50.5	28.6
1338	75.8	60	50.5	28.6
1339	75.8	60	50.5	28.6
1340	75.8	60	50.5	28.6
1341	75.8	60	50.5	28.6
1342	75.8	60	50.5	28.6
1343	76	60	50.5	28.6
1344	76	60	50.5	28.6
1345	76	60	50.5	28.6
1346	76	60	50.5	28.6
1347	76	60	50.5	28.6
1348	76	60	50.5	28.6
1349	76	60	50.5	28.6
1350	76	60	50.5	28.6
1351	76	60	50.6	28.6
1352	76	60	50.6	28.7
1353	76	60	50.6	28.7
1354	76	60.1	50.6	28.7
1355	76	60.1	50.7	28.7
1356	76	60.1	50.7	28.7
1357	76	60.1	50.7	28.8
1358	76.1	60.1	50.7	28.8
1359	76.1	60.1	50.7	28.8
1360	76.1	60.1	50.8	28.8
1361	76.1	60.1	50.8	29.1
1362	76.1	60.1	50.8	29.1
1363	76.2	60.1	50.8	29.1
1364	76.2	60.3	50.8	29.1
1365	76.2	60.3	50.8	29.1
1366	76.2	60.3	50.8	29.2
1367	76.2	60.3	50.8	29.2
1368	76.2	60.3	50.8	29.2
1369	76.2	60.3	50.8	29.2
1370	76.2	60.3	50.8	29.2
1371	76.2	60.3	50.8	29.4
1372	76.3	60.3	50.8	29.4
1373	76.3	60.3	50.8	29.4
1374	76.3	60.3	50.8	29.4
1375	76.3	60.3	50.8	29.4
1376	76.3	60.3	50.8	29.6
1377	76.3	60.3	50.8	29.6
1378	76.3	60.3	50.8	29.6
1379	76.3	60.2	50.8	29.6
1380	76.3	60.2	51	29.6
1381	76.3	60.2	51	29.6
1382	76.4	60.2	51	29.6
1383	76.4	60.4	51	29.6
1384	76.4	60.4	51	29.6
1385	76.4	60.4	51.1	29.6
1386	76.4	60.4	51.1	29.6
1387	76.4	60.4	51.1	29.6
1388	76.4	60.4	51.1	29.6
1389	76.4	60.4	51.1	29.6
1390	76.4	60.4	51.1	29.6
1391	76.4	60.4	51.1	29.4
1392	76.5	60.4	51.1	29.4
1393	76.5	60.4	51.1	29.4
1394	76.5	60.4	51.1	29.4
1395	76.5	60.4	51.1	29.4
1396	76.5	60.4	51.1	29.2
1397	76.5	60.4	51.1	29.2
1398	76.5	60.4	51.1	29.2
1399	76.5	60.4	51.2	29.2
1400	76.5	60.4	51.2	29.2
1401	76.5	60.4	51.2	29.1
1402	76.6	60.4	51.2	29.1
1403	76.6	60.5	51.2	29.1
1404	76.6	60.5	51.1	29.1
1405	76.6	60.5	51.1	29.1
1406	76.6	60.5	51.1	29.1
1407	76.6	60.5	51.1	29.1
1408	76.6	60.6	51.1	29.1
1409	76.6	60.6	51.1	29.1
1410	76.6	60.6	51.1	29.1
1411	76.6	60.6	51.1	29.1
1412	76.6	60.6	51.1	29.1
1413	76.6	60.6	51.1	29.1
1414	76.6	60.6	51.1	29.1
1415	76.6	60.6	51.1	29.1
1416	76.7	60.6	51.1	29.1
1417	76.7	60.6	51.1	29.1
1418	76.7	60.5	51.1	29.1
1419	76.7	60.5	51.2	29.1
1420	76.7	60.5	51.2	29.2
1421	76.8	60.5	51.2	29.2
1422	76.8	60.5	51.2	29.2
1423	76.8	60.5	51.2	29.2
1424	76.8	60.5	51.3	29.2
1425	76.8	60.5	51.3	29.2
1426	76.8	60.5	51.3	29.2
1427	76.8	60.6	51.3	29.2
1428	76.8	60.6	51.3	29.2
1429	76.8	60.6	51.3	29.2
1430	76.8	60.6	51.3	29.2
1431	76.8	60.6	51.3	29.2
1432	76.8	60.7	51.3	29.2
1433	76.8	60.7	51.3	29.2
1434	76.8	60.7	51.3	29.2
1435	76.8	60.7	51.3	29.2
1436	76.8	60.7	51.3	29.2
1437	76.8	60.8	51.3	29.2
1438	76.8	60.8	51.3	29.2
1439	76.8	60.8	51.3	29.4
1440	76.8	60.8	51.3	29.4
1441	76.8	60.8	51.3	29.4
1442	76.8	60.8	51.3	29.4
1443	76.8	60.8	51.3	29.4
1444	76.8	60.8	51.3	29.4
1445	77	60.8	51.3	29.4
1446	77	60.8	51.3	29.4
1447	77	60.8	51.3	29.4
1448	77	60.8	51.3	29.4
1449	77	60.8	51.3	29.4
1450	77	60.8	51.3	29.4
1451	77	61	51.3	29.4
1452	77	61	51.3	29.4
1453	77	61	51.6	29.4
1454	77	61	51.6	29.4
1455	77.1	61	51.6	29.4
1456	77.1	60.8	51.6	29.4
1457	77.1	60.8	51.6	29.4
1458	77.1	60.8	51.6	29.4
1459	77.1	60.8	51.6	29.5
1460	77.1	60.8	51.6	29.5
1461	77.1	61	51.6	29.5
1462	77.1	61	51.6	29.5
1463	77.1	61	51.6	29.5
1464	77.1	61	51.6	29.5
1465	77.2	61	51.6	29.5
1466	77.2	61	51.6	29.5
1467	77.2	61	51.6	29.5
1468	77.2	61	51.6	29.5
1469	77.2	61	51.6	29.5
1470	77.2	61	51.6	29.5
1471	77.2	61	51.6	29.5
1472	77.2	61	51.6	29.5
1473	77.2	61	51.6	29.3
1474	77.2	61	51.6	29.3
1475	77.2	61	51.6	29.3
1476	77.2	61	51.6	29.3
1477	77.2	61	51.6	29.3
1478	77.2	61	51.6	29.2
1479	77.2	61	51.6	29.2
1480	77.2	61	51.6	29.2
1481	77.2	61	51.6	29.2
1482	77.2	61	51.6	29.2
1483	77.2	61	51.6	29.1
1484	77.2	61	51.6	29.1
1485	77.2	61.1	51.6	29.1
1486	77.2	61.1	51.6	29.1
1487	77.2	61.1	51.6	29.1
1488	77.2	61.1	51.6	29.1
1489	77.2	61.1	51.6	29.1
1490	77.2	61.1	51.6	29.1
1491	77.2	61.1	51.6	29.1
1492	77.2	61.1	51.6	29.1
1493	77.2	61.1	51.6	29.2
1494	77.2	61.1	51.6	29.2
1495	77.2	61.2	51.6	29.2
1496	77.2	61.2	51.7	29.2
1497	77.2	61.2	51.7	29.2
1498	77.2	61.2	51.7	29.4
1499	77.3	61.2	51.7	29.4
1500	77.3	61.2	51.7	29.4
1501	77.3	61.2	51.9	29.4
1502	77.3	61.2	51.9	29.4
1503	77.3	61.2	51.9	29.4
1504	77.5	61.2	51.9	29.4
1505	77.5	61.3	51.9	29.4
1506	77.5	61.3	51.9	29.4
1507	77.5	61.3	51.9	29.3
1508	77.5	61.3	51.9	29.3
1509	77.5	61.3	51.9	29.3
1510	77.5	61.3	51.9	29.3
1511	77.5	61.3	52.1	29.3
1512	77.5	61.3	52.1	29.1
1513	77.6	61.3	52.1	29.1
1514	77.6	61.3	52.1	29.1
1515	77.6	61.4	52.1	29.1
1516	77.6	61.4	51.9	29.1
1517	77.6	61.4	51.9	29.1
1518	77.6	61.4	51.9	29.1
1519	77.6	61.5	51.9	29.1
1520	77.6	61.5	51.9	29.1
1521	77.6	61.5	52	29.1
1522	77.6	61.5	52	28.9
1523	77.6	61.5	52	28.9
1524	77.6	61.6	52	28.9
1525	77.6	61.6	52	28.9
1526	77.6	61.6	52	28.9
1527	77.6	61.6	52	28.9
1528	77.7	61.6	52	28.9
1529	77.7	61.6	52	28.9
1530	77.7	61.6	52.1	28.9
1531	77.7	61.6	52.1	28.9
1532	77.7	61.6	52.1	28.9
1533	77.8	61.6	52.1	28.9
1534	77.8	61.6	52.1	28.9
1535	77.8	61.6	52.1	28.9
1536	77.8	61.6	52.1	28.9
1537	77.8	61.6	52.1	28.9
1538	77.9	61.6	52.1	28.9
1539	77.9	61.7	52.1	28.9
1540	77.9	61.7	52	28.9
1541	77.9	61.7	52	28.8
1542	77.9	61.7	52	28.8
1543	77.9	61.7	52	28.8
1544	77.9	61.9	52	28.8
1545	77.9	61.9	52.1	28.8
1546	77.9	61.9	52.1	28.6
1547	77.9	61.9	52.1	28.6
1548	77.9	61.9	52.1	28.6
1549	77.9	61.9	52.1	28.6
1550	77.9	61.9	52.1	28.6
1551	77.9	61.9	52.1	28.6
1552	77.8	61.9	52.1	28.6
1553	77.8	61.8	52.1	28.6
1554	77.8	61.8	52.1	28.6
1555	77.8	61.8	52.2	28.6
1556	77.8	61.8	52.2	28.6
1557	77.8	61.8	52.2	28.6
1558	77.8	61.7	52.2	28.6
1559	77.8	61.7	52.2	28.6
1560	77.8	61.7	52.2	28.6
1561	77.8	61.7	52.2	28.8
1562	77.9	61.7	52.2	28.8
1563	77.9	61.8	52.2	28.8
1564	77.9	61.8	52.3	28.8
1565	77.9	61.8	52.3	28.9
1566	77.9	61.8	52.3	28.9
1567	78	61.8	52.3	28.9
1568	78	61.8	52.3	28.9
1569	78	61.8	52.4	28.9
1570	78	61.8	52.4	29.6
1571	78	61.8	52.4	29.6
1572	78.1	61.8	52.4	29.6
1573	78.1	61.9	52.4	29.6
1574	78.1	61.9	52.4	29.6
1575	78.1	61.9	52.4	29.6
1576	78.1	61.9	52.4	29.6
1577	78.1	61.9	52.4	29.6
1578	78.1	61.9	52.4	29.6
1579	78.1	61.9	52.4	29.6
1580	78.1	61.9	52.4	29.4
1581	78.2	61.9	52.4	29.4
1582	78.2	62	52.4	29.4
1583	78.2	62	52.4	29.4
1584	78.2	62	52.3	29.4
1585	78.2	62	52.3	29.4
1586	78.3	62	52.3	29.4
1587	78.3	62.1	52.3	29.4
1588	78.3	62.1	52.3	29.4
1589	78.3	62.1	52.4	29.4
1590	78.3	62.1	52.4	29.3
1591	78.3	62.1	52.4	29.3
1592	78.3	62.2	52.4	29.3
1593	78.3	62.2	52.5	29.3
1594	78.3	62.2	52.5	29.3
1595	78.3	62.2	52.5	29.3
1596	78.3	62.2	52.5	29.3
1597	78.3	62.2	52.5	29.3
1598	78.3	62.2	52.5	29.3
1599	78.3	62.2	52.5	29.1
1600	78.3	62.2	52.5	29.1
1601	78.3	62.2	52.5	29.1
1602	78.3	62.2	52.5	29.1
1603	78.3	62.2	52.5	29.1
1604	78.3	62.2	52.5	29.1
1605	78.3	62.2	52.5	29.1
1606	78.3	62.2	52.5	29.1
1607	78.3	62.3	52.5	29.1
1608	78.3	62.3	52.5	29.1
1609	78.3	62.3	52.5	30.1
1610	78.3	62.3	52.5	30.1
1611	78.3	62.3	52.5	30.1
1612	78.3	62.3	52.5	30.1
1613	78.3	62.3	52.5	30.1
1614	78.3	62.3	52.5	31
1615	78.5	62.3	52.5	31
1616	78.5	62.3	52.5	31
1617	78.5	62.3	52.5	31
1618	78.5	62.3	52.5	31
1619	78.5	62.3	52.5	30.2
1620	78.6	62.3	52.5	30.2
1621	78.6	62.2	52.5	30.2
1622	78.6	62.2	52.5	30.2
1623	78.6	62.2	52.5	30.2
1624	78.6	62.2	52.5	29.6
1625	78.6	62.2	52.5	29.6
1626	78.6	62.2	52.5	29.6
1627	78.6	62.2	52.5	29.6
1628	78.6	62.2	52.5	29.6
1629	78.6	62.2	52.5	29.4
1630	78.6	62.2	52.5	29.4
1631	78.6	62.3	52.5	29.4
1632	78.6	62.3	52.5	29.4
1633	78.6	62.3	52.5	29.4
1634	78.6	62.3	52.5	30.1
1635	78.6	62.3	52.5	30.1
1636	78.6	62.5	52.5	30.1
1637	78.6	62.5	52.5	30.1
1638	78.6	62.5	52.5	30.1
1639	78.6	62.5	52.5	30
1640	78.7	62.5	52.5	30
1641	78.7	62.5	52.5	30
1642	78.7	62.5	52.5	30
1643	78.7	62.5	52.5	29.7
1644	78.7	62.5	52.5	29.7
1645	78.7	62.5	52.5	29.7
1646	78.7	62.5	52.5	29.7
1647	78.7	62.5	52.5	29.7
1648	78.7	62.5	52.5	29.6
1649	78.7	62.5	52.5	29.6
1650	78.7	62.5	52.5	29.6
1651	78.7	62.5	52.5	29.6
1652	78.7	62.5	52.5	29.6
1653	78.7	62.5	52.5	29.4
1654	78.7	62.5	52.5	29.4
1655	78.7	62.5	52.5	29.4
1656	78.7	62.6	52.5	29.4
1657	78.7	62.6	52.7	29.4
1658	78.7	62.6	52.7	29.4
1659	78.7	62.6	52.7	29.4
1660	78.7	62.6	52.7	29.4
1661	78.7	62.6	52.7	29.4
1662	78.7	62.6	52.7	29.4
1663	78.7	62.6	52.7	29.4
1664	78.7	62.6	52.7	29.4
1665	78.7	62.6	52.7	29.4
1666	78.7	62.6	52.7	29.4
1667	78.7	62.6	52.8	29.4
1668	78.7	62.6	52.8	29.6
1669	78.8	62.6	52.8	29.6
1670	78.8	62.6	52.8	29.6
1671	78.8	62.6	52.8	29.6
1672	78.8	62.6	52.9	29.6
1673	78.8	62.6	52.9	29.4
1674	78.9	62.6	52.9	29.4
1675	78.9	62.6	52.9	29.4
1676	78.9	62.6	53	29.4
1677	78.9	62.6	53	29.4
1678	78.9	62.6	53	29.4
1679	79	62.6	53	29.4
1680	79	62.7	53	29.4
1681	79	62.7	53	29.4
1682	79	62.7	53	29.4
1683	79	62.7	53	29.4
1684	79	62.7	53	29.4
1685	79	62.8	53	29.4
1686	79	62.8	53	29.4
1687	79	62.8	53	29.4
1688	79	62.8	53	29.6
1689	79	62.8	53	29.6
1690	79	62.8	53	29.6
1691	79	62.8	53	29.6
1692	79	62.8	53	29.4
1693	79	62.8	53	29.4
1694	79	62.8	53	29.4
1695	79	62.8	53	29.4
1696	79	62.8	53	29.4
1697	79	62.8	53	29.3
1698	79	62.8	53	29.3
1699	79.2	62.8	53	29.3
1700	79.2	62.9	53	29.3
1701	79.2	62.9	53	29.3
1702	79.2	62.9	53	29.1
1703	79.2	62.9	53	29.1
1704	79.2	62.9	53	29.1
1705	79.2	62.8	53	29.1
1706	79.2	62.8	53	29.1
1707	79.2	62.8	53	29.3
1708	79.3	62.8	53	29.3
1709	79.3	62.8	53	29.3
1710	79.3	62.9	53	29.3
1711	79.3	62.9	53	29.3
1712	79.3	62.9	53	29.4
1713	79.3	62.9	53	29.4
1714	79.3	62.9	53	29.4
1715	79.3	62.8	53	29.4
1716	79.3	62.8	53.2	29.4
1717	79.3	62.8	53.2	29.6
1718	79.4	62.8	53.2	29.6
1719	79.4	62.9	53.2	29.6
1720	79.4	62.9	53.2	29.6
1721	79.4	62.9	53.2	29.6
1722	79.4	62.9	53.2	29.6
1723	79.3	62.9	53.2	29.6
1724	79.3	62.9	53.2	29.6
1725	79.3	62.9	53.2	29.6
1726	79.3	62.9	53.3	29.6
1727	79.3	62.9	53.3	29.6
1728	79.3	62.9	53.3	29.6
1729	79.3	62.9	53.3	29.6
1730	79.3	62.9	53.3	29.6
1731	79.3	62.9	53.2	29.6
1732	79.3	62.9	53.2	29.4
1733	79.3	62.9	53.2	29.4
1734	79.3	63	53.2	29.4
1735	79.3	63	53.3	29.4
1736	79.3	63	53.3	29.4
1737	79.3	63	53.3	29.3
1738	79.3	63	53.3	29.3
1739	79.3	63.1	53.3	29.3
1740	79.3	63.1	53.3	29.3
1741	79.3	63.1	53.3	29.3
1742	79.3	63.1	53.3	29.1
1743	79.3	63.1	53.3	29.1
1744	79.3	63.1	53.3	29.1
1745	79.3	63.1	53.3	29.1
1746	79.3	63.1	53.3	29.1
1747	79.3	63.1	53.3	29.3
1748	79.4	63.1	53.3	29.3
1749	79.4	63.1	53.3	29.3
1750	79.4	63.1	53.3	29.3
1751	79.4	63.1	53.3	29.3
1752	79.4	63.1	53.3	29.3
1753	79.5	63.1	53.3	29.3
1754	79.5	63.2	53.3	29.3
1755	79.5	63.2	53.3	29.3
1756	79.5	63.2	53.3	29.3
1757	79.5	63.2	53.3	29.3
1758	79.6	63.2	53.3	29.3
1759	79.6	63.3	53.3	29.3
1760	79.6	63.3	53.3	29.3
1761	79.6	63.3	53.3	29.1
1762	79.6	63.3	53.3	29.1
1763	79.7	63.3	53.3	29.1
1764	79.7	63.3	53.3	29.1
1765	79.7	63.3	53.5	29.1
1766	79.7	63.3	53.5	29.1
1767	79.7	63.3	53.5	29.1
1768	79.7	63.3	53.5	29.1
1769	79.7	63.3	53.5	29.1
1770	79.7	63.3	53.5	29.1
1771	79.7	63.3	53.5	29.1
1772	79.7	63.3	53.5	29.1
1773	79.7	63.3	53.5	29.1
1774	79.7	63.3	53.5	29.1
1775	79.7	63.3	53.5	29.1
1776	79.7	63.3	53.5	29.1
1777	79.7	63.3	53.5	29.1
1778	79.7	63.3	53.5	29.1
1779	79.7	63.3	53.5	29.1
1780	79.7	63.3	53.5	29.1
1781	79.7	63.3	53.5	29.1
1782	79.7	63.3	53.5	29.1
1783	79.7	63.5	53.5	29.1
1784	79.7	63.5	53.5	29.1
1785	79.7	63.5	53.6	29.1
1786	79.7	63.5	53.6	29.1
1787	79.7	63.5	53.6	29.1
1788	79.7	63.5	53.6	29.1
1789	79.7	63.5	53.6	29.1
1790	79.7	63.5	53.6	29.1
1791	79.7	63.5	53.6	29.2
1792	79.7	63.5	53.6	29.2
1793	79.7	63.6	53.6	29.2
1794	79.7	63.6	53.6	29.2
1795	79.7	63.6	53.6	29.2
1796	79.7	63.6	53.6	29.2
1797	79.8	63.6	53.6	29.2
1798	79.8	63.6	53.6	29.2
1799	79.8	63.6	53.6	29.2
1800	79.8	63.6	53.6	29.2
1801	79.8	63.6	53.6	29.4
1802	79.8	63.6	53.6	29.4
1803	79.8	63.6	53.6	29.4
1804	79.8	63.6	53.6	29.4
1805	79.8	63.6	53.6	29.4
1806	79.8	63.6	53.6	29.4
1807	79.8	63.6	53.6	29.4
1808	79.8	63.7	53.6	29.4
1809	79.8	63.7	53.7	29.4
1810	79.8	63.7	53.7	29.4
1811	79.8	63.7	53.7	29.6
1812	79.8	63.7	53.7	29.6
1813	79.8	63.7	53.7	29.6
1814	79.8	63.7	53.7	29.6
1815	79.8	63.7	53.7	29.4
1816	79.8	63.7	53.7	29.4
1817	80	63.7	53.7	29.4
1818	80	63.6	53.7	29.4
1819	80	63.6	53.7	29.4
1820	80	63.6	53.7	29.6
1821	80	63.6	53.7	29.6
1822	80	63.6	53.7	29.6
1823	80	63.6	53.7	29.6
1824	80	63.6	53.7	29.6
1825	80	63.6	53.7	29.6
1826	80	63.6	53.7	29.6
1827	80	63.6	53.7	29.6
1828	80	63.6	53.7	29.6
1829	80	63.6	53.7	29.6
1830	80	63.6	53.7	29.6
1831	80	63.6	53.7	29.6
1832	80	63.6	53.7	29.6
1833	80	63.6	53.7	29.6
1834	80	63.6	53.7	29.6
1835	80	63.6	53.7	29.6
1836	80	63.6	53.7	29.6
1837	80	63.6	53.7	29.6
1838	80	63.6	53.7	29.6
1839	80	63.6	53.7	29.6
